NAME	= .
DESCRIPTION	= 
UNIT	= 
DATAFORMAT	= FLOAT
DATAFILE_OFFSET	= 0
BYTEORDER_BIG	= FALSE
TOPTOBOTTOM	= FALSE
POSITION_XMIN	= 627832.1451498636743054
POSITION_YMIN	= 4052886.4441999997943640
CELLCOUNT_X	= 354
CELLCOUNT_Y	= 367
CELLSIZE	= 83.6746692098093519
Z_FACTOR	= 1.000000
Z_OFFSET	= 0.000000
NODATA_VALUE	= -99999.000000;-99999.000000
